255 255 255 255 255 255 255 255 255 255 255 255 255 255 255 255
255 255 247 247 247 247 247 247 247 247 247 247 247 247 255 255
255 247 131 183 183 183 183 183 183 183 183 183 183 131 247 255
255 247 183 213 137 199   0  16 143 135 199 137 213 183 247 255
255 247 183 137   0 199 132  36  36 132 199   0 137 183 247 255
255 247 183 199 199 243 255   0   0 255 243 199 199 183 247 255
255 247 183 135  24 161  64 115 115 255 106 123  55 183 247 255
255 247 183 239 195 199 255 249 215 101 199 195 127 183 247 255
255 247 183  24 195 199  40  34   0 101 246 215 127 183 247 255
255 247 183  81 255  56  64 154 140   0 199 109  81 183 247 255
255 247 183 199 199 243  26 246  78 255 243  19 174 183 247 255
255 247 183 137   0 199 120 215 215  24  19   0 255 183 247 255
255 247 183 213 137 199  49 167 255 126 174 118 104 183 247 255
255 247 131 183 183 183 183 183 183 183 183 183 183 131 247 255
255 255 247 247 247 247 247 247 247 247 247 247 247 247 255 255
255 255 255 255 255 255 255 255 255 255 255 255 255 255 255 255
255 255 255 255 255 255 255 255 255 255 255 255 255 255 255 255
255 255 247 247 247 247 247 247 247 247 247 247 247 247 255 255
255 247 131 183 183 183 183 183 183 183 183 183 183 131 247 255
255 247 183 213 137 199   0  16 143 135 199 137 213 183 247 255
255 247 183 137   0 199 132  36  36 132 199   0 137 183 247 255
255 247 183 199 199 243 255   0   0 255 243 199 199 183 247 255
255 247 183 135  24 161  64 115 115 255 106 123  55 183 247 255
255 247 183 239 195 199 255 249 215 101 199 195 127 183 247 255
255 247 183  24 195 199  40  34   0 101 246 215 127 183 247 255
255 247 183  81 255  56  64 154 140   0 199 109  81 183 247 255
255 247 183 199 199 243  26 246  78 255 243  19 174 183 247 255
255 247 183 137   0 199 120 215 215  24  19   0 255 183 247 255
255 247 183 213 137 199  49 167 255 126 174 118 104 183 247 255
255 247 131 183 183 183 183 183 183 183 183 183 183 131 247 255
255 255 247 247 247 247 247 247 247 247 247 247 247 247 255 255
255 255 255 255 255 255 255 255 255 255 255 255 255 255 255 255
255 255 255 255 255 255 255 255 255 255 255 255 255 255 255 255
255 255 247 247 247 247 247 247 247 247 247 247 247 247 255 255
255 247 131 183 183 183 183 183 183 183 183 183 183 131 247 255
255 247 183 213 137 199   0  16 143 135 199 137 213 183 247 255
255 247 183 137   0 199 132  36  36 132 199   0 137 183 247 255
255 247 183 199 199 243 255   0   0 255 243 199 199 183 247 255
255 247 183 135  24 161  64 115 115 255 106 123  55 183 247 255
255 247 183 239 195 199 255 249 215 101 199 195 127 183 247 255
255 247 183  24 195 199  40  34   0 101 246 215 127 183 247 255
255 247 183  81 255  56  64 154 140   0 199 109  81 183 247 255
255 247 183 199 199 243  26 246  78 255 243  19 174 183 247 255
255 247 183 137   0 199 120 215 215  24  19   0 255 183 247 255
255 247 183 213 137 199  49 167 255 126 174 118 104 183 247 255
255 247 131 183 183 183 183 183 183 183 183 183 183 131 247 255
255 255 247 247 247 247 247 247 247 247 247 247 247 247 255 255
255 255 255 255 255 255 255 255 255 255 255 255 255 255 255 255

255 255 255 255 255 255 255 255 255 255 255 255 255 255 255 255
255 255 247 247 247 247 247 247 247 247 247 247 247 247 255 255
255 247 131 183 183 183 183 183 183 183 183 183 183 131 247 255
255 247 183 213 137 199  55 127 127  81 174 255 104 183 247 255
255 247 183 137   0 199 123 195 215 109  19   0 118 183 247 255
255 247 183 199 199 243 106 199 246 199 243  19 174 183 247 255
255 247 183 135 132 255 255 101 101   0 255  24 126 183 247 255
255 247 183 143  36   0 115 215   0 140  78 215 255 183 247 255
255 247 183  16  36   0 115 249  34 154 246 215 167 183 247 255
255 247 183   0 132 255  64 255  40  64  26 120  49 183 247 255
255 247 183 199 199 243 161 199 199  56 243 199 199 183 247 255
255 247 183 137   0 199  24 195 195 255 199   0 137 183 247 255
255 247 183 213 137 199 135 239  24  81 199 137 213 183 247 255
255 247 131 183 183 183 183 183 183 183 183 183 183 131 247 255
255 255 247 247 247 247 247 247 247 247 247 247 247 247 255 255
255 255 255 255 255 255 255 255 255 255 255 255 255 255 255 255
255 255 255 255 255 255 255 255 255 255 255 255 255 255 255 255
255 255 247 247 247 247 247 247 247 247 247 247 247 247 255 255
255 247 131 183 183 183 183 183 183 183 183 183 183 131 247 255
255 247 183 213 137 199  55 127 127  81 174 255 104 183 247 255
255 247 183 137   0 199 123 195 215 109  19   0 118 183 247 255
255 247 183 199 199 243 106 199 246 199 243  19 174 183 247 255
255 247 183 135 132 255 255 101 101   0 255  24 126 183 247 255
255 247 183 143  36   0 115 215   0 140  78 215 255 183 247 255
255 247 183  16  36   0 115 249  34 154 246 215 167 183 247 255
255 247 183   0 132 255  64 255  40  64  26 120  49 183 247 255
255 247 183 199 199 243 161 199 199  56 243 199 199 183 247 255
255 247 183 137   0 199  24 195 195 255 199   0 137 183 247 255
255 247 183 213 137 199 135 239  24  81 199 137 213 183 247 255
255 247 131 183 183 183 183 183 183 183 183 183 183 131 247 255
255 255 247 247 247 247 247 247 247 247 247 247 247 247 255 255
255 255 255 255 255 255 255 255 255 255 255 255 255 255 255 255
255 255 255 255 255 255 255 255 255 255 255 255 255 255 255 255
255 255 247 247 247 247 247 247 247 247 247 247 247 247 255 255
255 247 131 183 183 183 183 183 183 183 183 183 183 131 247 255
255 247 183 213 137 199  55 127 127  81 174 255 104 183 247 255
255 247 183 137   0 199 123 195 215 109  19   0 118 183 247 255
255 247 183 199 199 243 106 199 246 199 243  19 174 183 247 255
255 247 183 135 132 255 255 101 101   0 255  24 126 183 247 255
255 247 183 143  36   0 115 215   0 140  78 215 255 183 247 255
255 247 183  16  36   0 115 249  34 154 246 215 167 183 247 255
255 247 183   0 132 255  64 255  40  64  26 120  49 183 247 255
255 247 183 199 199 243 161 199 199  56 243 199 199 183 247 255
255 247 183 137   0 199  24 195 195 255 199   0 137 183 247 255
255 247 183 213 137 199 135 239  24  81 199 137 213 183 247 255
255 247 131 183 183 183 183 183 183 183 183 183 183 131 247 255
255 255 247 247 247 247 247 247 247 247 247 247 247 247 255 255
255 255 255 255 255 255 255 255 255 255 255 255 255 255 255 255

255 255 255 255 255 255 255 255 255 255 255 255 255 255 255 255
255 204 145 146 146 146 146 146 146 146 146 146 146 145 209 255
255 145 174 171 170 185 175 153 153 156 196 154 153 153 151 255
255 146 171  82 147 191 124 204  95  53 182 118 130 147 151 255
255 146 169 183  48  67  80 168 137 136 145  98 121 147 151 255
255 146 157 119  67 117 229 112 225  55 155 200 164 189 151 255
255 146 188 106  73 120  79 180 118  95  68 202 110 167 151 255
255 146 185 133 150 195 114 126 130 108 146 195  47 170 151 255
255 146 204 156 147 151 113 149 181 195 136 109 152 184 151 255
255 146 169 118 116 169 167 129 150  81 124  34 157 161 151 255
255 146 196 180 164 134 183  53  34 178 190 139 187 186 151 255
255 146 154 118  98 163 115  63 120 133 156  99 125 147 151 255
255 146 153 130 121 154 147 168 113  74 175 125 134 147 151 255
255 145 153 147 147 174 178 171 199 173 187 147 147 145 151 255
255 209 151 151 151 151 151 151 151 151 151 151 151 151 213 255
255 255 255 255 255 255 255 255 255 255 255 255 255 255 255 255
255 255 255 255 255 255 255 255 255 255 255 255 255 255 255 255
255 204 145 146 146 146 146 146 146 146 146 146 146 145 209 255
255 145 174 171 170 185 175 153 153 156 196 154 153 153 151 255
255 146 171  82 147 191 124 204  95  53 182 118 130 147 151 255
255 146 169 183  48  67  80 168 137 136 145  98 121 147 151 255
255 146 157 119  67 117 229 112 225  55 155 200 164 189 151 255
255 146 188 106  73 120  79 180 118  95  68 202 110 167 151 255
255 146 185 133 150 195 114 126 130 108 146 195  47 170 151 255
255 146 204 156 147 151 113 149 181 195 136 109 152 184 151 255
255 146 169 118 116 169 167 129 150  81 124  34 157 161 151 255
255 146 196 180 164 134 183  53  34 178 190 139 187 186 151 255
255 146 154 118  98 163 115  63 120 133 156  99 125 147 151 255
255 146 153 130 121 154 147 168 113  74 175 125 134 147 151 255
255 145 153 147 147 174 178 171 199 173 187 147 147 145 151 255
255 209 151 151 151 151 151 151 151 151 151 151 151 151 213 255
255 255 255 255 255 255 255 255 255 255 255 255 255 255 255 255
255 255 255 255 255 255 255 255 255 255 255 255 255 255 255 255
255 204 145 146 146 146 146 146 146 146 146 146 146 145 209 255
255 145 174 171 170 185 175 153 153 156 196 154 153 153 151 255
255 146 171  82 147 191 124 204  95  53 182 118 130 147 151 255
255 146 169 183  48  67  80 168 137 136 145  98 121 147 151 255
255 146 157 119  67 117 229 112 225  55 155 200 164 189 151 255
255 146 188 106  73 120  79 180 118  95  68 202 110 167 151 255
255 146 185 133 150 195 114 126 130 108 146 195  47 170 151 255
255 146 204 156 147 151 113 149 181 195 136 109 152 184 151 255
255 146 169 118 116 169 167 129 150  81 124  34 157 161 151 255
255 146 196 180 164 134 183  53  34 178 190 139 187 186 151 255
255 146 154 118  98 163 115  63 120 133 156  99 125 147 151 255
255 146 153 130 121 154 147 168 113  74 175 125 134 147 151 255
255 145 153 147 147 174 178 171 199 173 187 147 147 145 151 255
255 209 151 151 151 151 151 151 151 151 151 151 151 151 213 255
255 255 255 255 255 255 255 255 255 255 255 255 255 255 255 255

255 255 255 255 255 255 255 255 255 255 255 255 255 255 255 255
255 209 148 149 149 149 149 149 149 149 149 149 149 148 209 255
255 148 153 151 151 193 170 174 189 166 193 151 151 153 148 255
255 149 151 131 120 161 109  45 149 153 192 120 131 151 149 255
255 149 151 120  99 194 199 200 105  38 142  99 120 151 149 255
255 149 193 188 147 157  63 148 139 119 194 159 181 194 149 255
255 149 153  56 141  62  99 105 194  81 181 141  75 176 149 255
255 149 151 101 135 220 127 126 184 142  34 121 114 205 149 255
255 149 151 204 172 113 177 129 146 128  51  60 169 174 149 255
255 149 173 126  74 228  80 113 105 168 184 115 152 184 149 255
255 149 181 194  65 120 118 195 151 163 136 160 153 178 149 255
255 149 167 142  46  65  71 155 144 116 167  99 120 151 149 255
255 149 167  80 182 122 110 141 155 113 183 120 131 151 149 255
255 148 165 167 166 155 185 182 197 166 193 151 151 153 148 255
255 209 148 149 149 149 149 149 149 149 149 149 149 148 209 255
255 255 255 255 255 255 255 255 255 255 255 255 255 255 255 255
255 255 255 255 255 255 255 255 255 255 255 255 255 255 255 255
255 209 148 149 149 149 149 149 149 149 149 149 149 148 209 255
255 148 153 151 151 193 170 174 189 166 193 151 151 153 148 255
255 149 151 131 120 161 109  45 149 153 192 120 131 151 149 255
255 149 151 120  99 194 199 200 105  38 142  99 120 151 149 255
255 149 193 188 147 157  63 148 139 119 194 159 181 194 149 255
255 149 153  56 141  62  99 105 194  81 181 141  75 176 149 255
255 149 151 101 135 220 127 126 184 142  34 121 114 205 149 255
255 149 151 204 172 113 177 129 146 128  51  60 169 174 149 255
255 149 173 126  74 228  80 113 105 168 184 115 152 184 149 255
255 149 181 194  65 120 118 195 151 163 136 160 153 178 149 255
255 149 167 142  46  65  71 155 144 116 167  99 120 151 149 255
255 149 167  80 182 122 110 141 155 113 183 120 131 151 149 255
255 148 165 167 166 155 185 182 197 166 193 151 151 153 148 255
255 209 148 149 149 149 149 149 149 149 149 149 149 148 209 255
255 255 255 255 255 255 255 255 255 255 255 255 255 255 255 255
255 255 255 255 255 255 255 255 255 255 255 255 255 255 255 255
255 209 148 149 149 149 149 149 149 149 149 149 149 148 209 255
255 148 153 151 151 193 170 174 189 166 193 151 151 153 148 255
255 149 151 131 120 161 109  45 149 153 192 120 131 151 149 255
255 149 151 120  99 194 199 200 105  38 142  99 120 151 149 255
255 149 193 188 147 157  63 148 139 119 194 159 181 194 149 255
255 149 153  56 141  62  99 105 194  81 181 141  75 176 149 255
255 149 151 101 135 220 127 126 184 142  34 121 114 205 149 255
255 149 151 204 172 113 177 129 146 128  51  60 169 174 149 255
255 149 173 126  74 228  80 113 105 168 184 115 152 184 149 255
255 149 181 194  65 120 118 195 151 163 136 160 153 178 149 255
255 149 167 142  46  65  71 155 144 116 167  99 120 151 149 255
255 149 167  80 182 122 110 141 155 113 183 120 131 151 149 255
255 148 165 167 166 155 185 182 197 166 193 151 151 153 148 255
255 209 148 149 149 149 149 149 149 149 149 149 149 148 209 255
255 255 255 255 255 255 255 255 255 255 255 255 255 255 255 255
